Sequence c0 (spec) emoji/ 0
	(255, 220, 180) (255, 220, 180) (255, 220, 180) (255, 220, 180) (255, 220, 180) 15
		costanza
			28	1	14	0	
	(100, 255, 220) (255, 255, 0) (255, 255, 255) (255, 140, 160) (120, 120, 120) 15
		costanza
			28	1	0	40
	(255, 40, 255) (255, 255, 255) (255, 255, 0) (255, 255, 255) (0, 0, 0) 15
endSeq

Sequence c1 (spec) emoji/w 56
	(255, 40, 255) (255, 255, 255) (255, 255, 0) (255, 255, 255) (120, 120, 120) 15
		costanza
			7	1	40	60
	(40, 40, 255) (255, 205, 210) (255, 255, 0) (255, 255, 255) (120, 180, 150) 15
		hand
			7	1	60	16
			14	1	16	0
	(255, 40, 255) (255, 255, 255) (30, 20, 255) (180, 180, 180) (180, 180, 180) 15
		hand
			28	1	0	14
	(255, 255, 234) (255, 255, 234) (255, 255, 234) (255, 255, 234) (255, 255, 234) 15
endSeq
		

		
makeAnim
c0
c1
endAnim
