Sequence cos (spec) emoji/
        (255, 255, 200) (255, 255, 255) 15
                costanza
                        40      1       40
        (255, 255, 100) (0, 0, 0) 15
                costanza
                        40      1       40      20
        (255, 147, 255) (0, 0, 0) 15
                costanza
                        40      1       20      0
        (255, 255, 155) (0, 0, 0) 15
                costanza
                        40      1       0
        (200, 255, 200) (0, 0, 0) 15
                costanza
                        40      1       0       20
        (150, 255, 255) (0, 0, 0) 15
                costanza
                        40      1       20      40
        (255, 255, 200) (255, 255, 255) 15
endSeq

