#Sequence s1 (mos) 1
#	food emoji/
#		30	2	1	50
#		20	2	1	50
#		40	2	1	8
#		30	2	8
#		30	2	8
#		30	2	8	20
#		30	2	1	15
#		30	2	1	1
#		30	2	1	7
#		15	2	7	1
#		15	2	1
#endSeq

#Sequence s1 (mos) 0
#	deep beach/
#		20	4	4
#		10	4	4	12
#		20	4	12
#		10	4	12	4
#		20	4	4
#		10	4	4	12
#		20	4	12
#		10	4	12	4
#		20	4	4
#		10	4	4	12
#		20	4	12
#		10	4	12	4
#		20	4	4
#		10	4	4	12
#		20	4	12
#		10	4	12	4
#		20	4	4
#		10	4	4	12
#		20	4	12
#		10	4	12	4
#endSeq

Sequence s2 (spec) emoji/ 0
	(255, 255, 255) (255, 255, 255) (255, 255, 255) (255, 255, 255) (255, 255, 255) (255, 255, 255) 8
		bounce
			20	2	4
			10	2	4	12
	(0, 0, 255) (255, 0, 255) (0, 0, 255) (250, 250, 0) (100, 255, 100) (0, 0, 255) 8
		bounce
			20	2	12
			10	2	12	4
	(0, 0, 255) (255, 255, 255) (0, 255, 0) (255, 255, 255) (0, 0, 250) (255, 255, 255) 8
		bounce
			20	2	4
			10	2	4	12
	(233, 0, 0) (255, 255, 200) (5, 255, 0) (255, 250, 255) (2, 0, 250) (234, 255, 234) 8
		bounce
			20	2	12
			10	2	12	4
	(0, 0, 255) (255, 255, 255) (0, 255, 0) (255, 255, 255) (0, 0, 250) (255, 255, 255) 8
		bounce
			20	2	4
			10	2	4	12
	(255, 255, 0) (0, 254, 255) (10, 0, 255) (0, 5, 2) (190, 31, 55) (133, 223, 255) 8
		bounce
			20	2	12
			10	2	12	4
	(200, 200, 200) (200, 100, 200) (200, 200, 200) (200, 200, 0) (200, 5, 200) (200, 200, 200) 8
		bounce
			20	2	4
			10	2	4	12
	(120, 160, 255) (255, 255, 200) (0, 55, 25) (0, 255, 255) (255, 255, 255) (20, 50, 50) 8
		bounce
			20	2	12
			10	2	12	4
	(0, 0, 0) (0, 255, 255) (25, 255, 140) (255, 255, 80) (255, 255, 1) (255, 20, 25) 8
		bounce
			20	2	4
			10	2	4	12
	(150, 150, 150) (150, 150, 150) (50, 0, 10) (250, 255, 250) (150, 150, 150) (0, 150, 150) 8
		bounce
			20	2	12
			10	2	12	4
	(0, 0, 0) (0, 0, 0) (250, 0, 200) (240, 230, 0) (0, 0, 25) (100, 100, 120) 8
endSeq


#Sequence s2 (spec) emoji/ 0
#	(255, 255, 255) (255, 100, 0) (255, 255, 255) (0, 100, 0) (255, 0, 200) 8
#		melon
#			20	3	5
#			10	3	5	10
#			20	3	10
#			10	3	10	5
#	(255, 255, 255) (0, 255, 120) (255, 220, 50) (0, 0, 0) (100, 255, 0) 8
#endSeq
#	(255, 255, 255) (255, 100, 255) (255, 255, 255) (255, 255, 200) (100, 255, 255) (220, 255, 100) (255, 255, 255) 10
#	(255, 255, 255) (255, 255, 120) (255, 220, 50) (255, 255, 255) (255, 100, 255) (2200, 25, 200) (255, 255, 255) 10

makeAnim
s2
endAnim

