#Sequence dk255 (spec) emoji/ 0
#	(255, 255, 255) (255, 255, 100) (255, 255, 0) 10 
#		fishwbpy
#			50	2	43
#	(255, 255, 255) (255, 100, 255) (100, 100, 255) (255, 255, 0) 10
#		fishwbpy
#			50	2	43
#	(255, 255, 255) (0, 100, 255) (0, 255, 255) (255, 0, 0) 10
#		fishwbpy
#			50	2	43
#	(255, 255, 255) (120,  255, 9) (178, 100, 100) (100, 100, 255) 10
#		fishwbpy
#			50	2	33
#	(255, 0, 0) (25,  255, 9) (255, 255, 255) (180, 199, 255) 10
#		fishwbpy
#			50	2	33
#	(255, 255, 255) (250, 200, 0) (255, 100, 190) (155, 100, 255) 10
#		fishwbpy
#			50	2	33
#	(255, 0, 0) (255, 255, 0) (255, 0, 255) (0, 255, 255) 10
#endSeq

Sequence dk0 (mos) 0
	koig win/
		25	1	500	16
		20	1	16	24
		10	1	24	14	
		35	1	14
		10	1	14	2
		90	1	2
		10	1	2	14
		35	1	14
		10	1	14	100
		10	1	100	22	
		35	1	22
		10	1	22	8
endSeq
		

#Sequence dk1 (spec) win/ 0
#	(255, 0, 0) (255, 255, 255) (255, 255, 0) 12 
#		dk
#			50	2	43
#	(0, 255, 0) (255, 255, 255) (0, 255, 255) 12 
#		dk
#			50	2	33
#	(0, 0, 255) (255, 255, 255) (255, 0, 255) 12 
#		dk
#			50	2	4
#	(0, 0, 255) (255, 255, 255) (255, 0, 255) 12 
#		dk
#			50	2	4
#	(0, 255, 0) (255, 255, 255) (0, 255, 255) 12 
#		dk
#			50	2	53
#	(255, 0, 0) (255, 255, 255) (255, 255, 0) 12 
#		dk
#			50	2	19
#	(0, 0, 255) (255, 255, 255) (255, 0, 255) 12 
#endSeq

#Sequence koi1 (spec) win/ 0
#	(255, 0, 0) (255, 255, 255) (255, 255, 0) 12 
#		koi
#			50	2	13
#	(0, 255, 0) (255, 255, 255) (0, 255, 255) 12 
#		koi
#			50	2	23
#	(0, 0, 255) (255, 255, 255) (255, 0, 255) 12 
#		koi
#			50	2	4
#	(0, 0, 255) (255, 255, 255) (255, 0, 255) 12 
#		koi
#			50	2	4
#	(0, 255, 0) (255, 255, 255) (0, 255, 255) 12 
#		koi
#			50	2	12
#	(255, 0, 0) (255, 255, 255) (255, 255, 0) 12 
#		koi
#			50	2	11
#	(0, 0, 255) (255, 255, 255) (255, 0, 255) 12 
#kendSeq

#Sequence koi2 (mos) 0
#	koid win/
#		50	1	20	
#		10	1	20	3
#		40	1	3
#		50	1	20	
#		10	1	20	3
#		40	1	3
#		50	1	20	
#		10	1	20	3
#		40	1	3
#endSeq


#Sequence koi3 (mos) 0
#	koie win/
#		20	1	40	
#		20	1	40	3
#		60	1	3
#		20	1	40	
#		20	1	40	3
#		60	1	3
#		20	1	3	
#		20	1	3	90
#		60	1	90	200
#endSeq

makeAnim
dk0
endAnim
		
		
