Sequence s1 (mos) 600 
	dog emoji/
		30	1	3	
		20	1	3	13	
		250	1	13
endSeq

Sequence s3 (mos) 0 
	dog rando/
		30	1	6	
		10	1	6	20
		10	1	20	6
	dog stuff/
		30	1	6
		10	1	6	20
		10	1	20	6	
	dog animal/
		30	1	6	
		10	1	6	90
		10	1	90	8
	dog rando/
		30	1	6	
		10	1	6	20
		10	1	20	6
	dog stuff/
		30	1	6
		10	1	6	20
		10	1	20	6	
	dog hands/
		5	1	6	15	
		25	1	15
		10	1	15
		10	1	15	8
endSeq

#Sequence s4 (mos) 1
#	dog emoji/
#		30	2	4
#		10	2	4	20
#		10	2	20	4
#		30	2	4
#		10	2	4	20
#		10	2	20	4
#		30	2	4
#		10	2	4	20
#		10	2	20	4
#		30	2	4
#		10	2	4	20
#		10	2	20	4
#		30	2	4
#		10	2	4	20
#		10	2	20	4
#		30	2	4
#		10	2	4	20
#		10	2	20	4
#endSeq
#
##Sequence s1 (mos) 0
##	deep beach/
##		20	4	4
##		10	4	4	12
##		20	4	12
##		10	4	12	4
##		20	4	4
#		10	4	4	12
#		20	4	12
#		10	4	12	4
#		20	4	4
#		10	4	4	12
#		20	4	12
#		10	4	12	4
#		20	4	4
#		10	4	4	12
#		20	4	12
#		10	4	12	4
#		20	4	4
#		10	4	4	12
#		20	4	12
#		10	4	12	4
#endSeq

Sequence s2 (spec) emoji/ 300
	(255, 255, 255) (225, 255, 255) (255, 255, 255) (255, 255, 255) (255, 20, 125) (255, 25, 200) 8
		dog	
			40	1	8 
			40	1	8	3	
			20	1	3
	(0, 255, 255) (255, 120, 255) (100, 0, 255) (250, 250, 90) (100, 255, 100) (200, 100, 255) 8
		dog
			80	1	3	1	
			20	1	1	19
	(250, 250, 255) (25, 0, 255) (20, 255, 255) (255, 255, 255) (220, 110, 250) (255, 255, 255) 8
		dog
			40	1	19	5	
			40	1	5
			20	1	5	3	
	(20, 140, 255) (255, 255, 255) (150, 255, 120) (255, 255, 255) (220, 210, 250) (255, 255, 255) 8
endSeq



#Sequence s5 (spec) emoji/ 0
#	(255, 255, 0) (255, 255, 255) (255, 0, 255) (255, 255, 255) (0, 255, 255) 8 
#		eyes
#			40	1	100
#			5	1	100	250
#			5	1	250	150
#			40	1	150
#			5	1	150	325
#			5	1	325	100
#			40	1	100
#			5	1	100	400
#			5	1	400	200
#			40	1	200
#			5	1	200	475
#			5	1	475	250
#			40	1	100
#			5	1	100	550
#			5	1	550	5
#			40	1	5
#			5	1	5	550
#			5	1	550	800	
#	(254, 254, 1) (254, 254, 254) (254, 1, 254) (254, 254, 254) (1, 254, 254) 8 
#endSeq

#Sequence s6 (spec) emoji/ 0
#	(255, 255, 255) (255, 0, 0) (255, 255, 255) (0, 255, 0) (255, 255, 255) (0, 0, 255) 10  
#		five
#			50	1	4
#	(0, 0, 0) (0, 255, 0) (0, 0, 0) (255, 0, 0) (0, 0, 0) (0, 0, 255) 10  
#		five
#			50	1	13	7
#	(255, 255, 255) (255, 0, 0) (255, 255, 255) (0, 255, 0) (255, 255, 255) (0, 0, 255) 10  
#		five
#			50	1	8
#			50	1	13	7
#	(255, 255, 255) (255, 0, 0) (255, 255, 255) (0, 255, 0) (255, 255, 255) (0, 0, 255) 10  
#		five
#			50	1	7
#	(0, 0, 0) (0, 255, 0) (0, 0, 0) (255, 0, 0) (0, 0, 0) (0, 0, 255) 10  
#		five
#			50	1	13	7
#	(255, 255, 255) (255, 0, 0) (255, 255, 255) (0, 255, 0) (255, 255, 255) (0, 0, 255) 10  
#endSeq

makeAnim
s3
s2
s1
endAnim

