Sequence face0 (spec) emoji/ 0
	(255, 255, 255) (255, 255, 255) (255, 255, 255) (255, 255, 255) (255, 255, 255) (255, 255, 255) (255, 255, 255) 15 	
		face
			14	1	6
			14	1	6	25
	(0, 0, 0) (0, 0, 255) (0, 0, 255) (0, 0, 255) (255, 255, 255) (100, 255, 100) (0, 0, 255) 15
endSeq

Sequence face2 (spec) emoji/ 28
	(160, 160, 160) (255, 255, 0) (255, 255, 255) (255, 0, 255) (255, 255, 255) (0, 255, 255) (150, 150, 150) 15
		face
			14	1	6
			14 	1	6	25
	(160, 160, 160) (255, 255, 0) (255, 255, 255) (255, 0, 255) (255, 255, 255) (0, 255, 255) (150, 150, 150) 15
endSeq


Sequence face4 (spec) emoji/ 56
	(0, 0, 0) (0, 0 , 255) (255, 255, 255) (0, 255, 0) (255, 255, 255) (255, 0, 0) (0, 0, 0) 15
		face 
			14	1	6
			14	1	6	25
	(0, 0, 0) (0, 0 , 255) (255, 255, 255) (0, 255, 0) (255, 255, 255) (255, 0, 0) (0, 0, 0) 15
endSeq

Sequence face5 (mos) 84
	face emoji/
		14	1	6
		14	1	6	80
endSeq

makeAnim
face0
face2
face4
face5
endAnim
