#Sequence f (mos) 0
#	fishyp emoji/
#		20	2	5
#		20	2	10
#		20	2	15
#		20	2	20
#		20	2	30
#		20	2	40
#		20	2	50
#		20	2	60
#		20	2	70
#		20	2	80
#		20	2	90
#		20	2	100
#		20	2	110
#		20	2	120
#		20	2	130
#endSeq

#Sequence f2 (mos) 0
#	fishwbpy emoji/
#		150	2	18	
#	fishwbpy hands/
#		75	2	18
#	fishwbpy eyes/
#		65	2	18
#		10	2	18	1000
#endSeq

#Sequence f3 (mos) 0
#	fishwbpy emoji/
#		20	2	5
#		20	2	10
#		20	2	15
#		20	2	20
#		20	2	25
#		20	2	30
#		20	2	35
#		20	2	40
#		20	2	45
#		20	2	50
#		20	2	55
#		20	2	60
#		20	2	65
#		20	2	70
#		20	2	75
#endSeq
		
Sequence f4 (spec) emoji/ 0
	(255, 255, 255) (255, 255, 255) (255, 255, 255) (255, 255, 255) 10  
		fishwbpy
			100	1	18
	(255, 255, 255) (255, 0, 255) (0, 255, 0) (255, 255, 255) 10  
		fishwbpy
			100	1	18	25
	(255, 255, 255) (0, 255, 255) (255, 0, 0) (255, 255, 255) 10  
		fishwbpy
			100	1	25	3
	(255, 255, 255) (255, 255, 0) (0, 0, 255) (255, 255, 255) 10  
endSeq

makeAnim
f4
endAnim
