Sequence k0 (mos) 224
	tun4 hands/
		14	1	15	90
		7	1	90	50
		7	1	50	500
endSeq

Sequence k1 (spec) emoji/w 0
	(0, 0, 0) (255, 200, 100) (255, 0, 255) (255, 255, 255) (200, 200, 200) 15
		kal5
			28	2	18
	(255, 255, 255) (255, 200, 100) (100, 0, 100) (255, 255, 0) (255, 255, 255) 15
		kal5
			14	2	18
	(255, 255, 255) (30, 30, 233) (255, 255, 255) (0, 0, 145) (255, 12, 12) 15
		kal5
			14	2	18
	(255, 255, 255) (200, 200, 200) (200, 200, 200) (255, 255, 34) (200, 200, 200) 15
		kal5
			14	2	18
	(255, 255, 255) (255, 20, 20) (255, 255, 100) (0, 255, 90) (255, 255, 255) 15
		kal5
			14	2	18	6
	(0, 0, 0) (0, 0, 0) (0, 0, 0) (0, 0, 0) (0, 0, 0) 15
endSeq


makeAnim
k0
k1
endAnim
