Sequence n0 (spec) emoji/w 12
	(0, 0, 0) (0, 0, 0) (0, 0, 0) 15
		neg1
			28	1	6	
	(0, 0, 0) (0, 0, 0) (0, 0, 0) 15
endSeq


Sequence n1 (spec) emoji/ 12
	(255, 0, 0) (255, 255, 255) (0, 0, 255) 15	
		neg1
			14	1	6
			7	1	6	2
	(255, 0, 0) (255, 255, 255) (0, 0, 255) 15	
		neg1
			7	1	2
	(0, 0, 0) (0, 0, 0) (0, 0, 0) 15
endSeq

Sequence u0 (spec) emoji/ 5
	(0, 0, 0) (255, 255, 255) (255, 255, 0) (255, 100, 0) (0, 0, 255) 15
		uni
			14	1	6	15
	(255, 240, 220) (255, 240, 220) (255, 240, 220) (255, 240, 220) (255, 240, 220) 15
endSeq

Sequence u1 (spec) emoji/ 0
	(255, 240, 220) (255, 240, 220) (255, 240, 220) (255, 240, 220) (255, 240, 220) 15
		sky	
			14	1	15	2
	(255, 240, 220) (255, 255, 255) (255, 255, 20) (240, 255, 40) (240, 140, 255) 15
		sky
			14	1	2	10
	(255, 240, 220) (255, 255, 255) (255, 255, 20) (240, 255, 40) (240, 140, 255) 15
		sky
			7	1	10
	(255, 220, 180) (245, 245, 255) (255, 255, 100) (190, 255, 67) (255, 255, 45) 15
		sky
			7	1	10	14
	(255, 220, 180) (255, 220, 180) (255, 220, 180) (255, 220, 180) (255, 220, 180) 15
endSeq


makeAnim
n0
n1
u0
u1
endAnim
