#Sequence s1 (mos) 1
#	food emoji/
#		30	2	1	50
#		20	2	1	50
#		40	2	1	8
#		30	2	8
#		30	2	8
#		30	2	8	20
#		30	2	1	15
#		30	2	1	1
#		30	2	1	7
#		15	2	7	1
#		15	2	1
#endSeq

#Sequence s1 (mos) 0
#	deep beach/
#		20	4	4
#		10	4	4	12
#		20	4	12
#		10	4	12	4
#		20	4	4
#		10	4	4	12
#		20	4	12
#		10	4	12	4
#		20	4	4
#		10	4	4	12
#		20	4	12
#		10	4	12	4
#		20	4	4
#		10	4	4	12
#		20	4	12
#		10	4	12	4
#		20	4	4
#		10	4	4	12
#		20	4	12
#		10	4	12	4
#endSeq

Sequence s2 (spec) emoji/ 0
	(0, 255, 255) (255, 205, 255) (255, 0, 0) (0, 0, 0) 8
		floaterzb
			5	1	400	20
			5	1	20	4
			4	1	4
			10	1	4	129
	(0, 0, 255) (255, 255, 205) (255, 255, 0) (255, 255, 255) 8
		floaterzb
			10	1	129	18
			10	1	18
			10	1	18	4
	(255, 0, 255) (205, 255, 255) (0, 255, 0) (255, 255, 255) 8
		floaterzb
			20	1	4
			10	1	4	99
	(255, 0, 0) (205, 255, 205) (0, 255, 255) (0, 0, 0) 8
		floaterzb
			10	1	99	19
			10	1	19
			10	1	19	4
	(255, 255, 0) (255, 205, 255) (0, 0, 255) (255, 255, 255) 8
		floaterzb
			20	1	4
			10	1	4	89
	(0, 255, 0) (255, 205, 200) (255, 0, 255) (255, 255, 255) 8
		floaterzb
			10	1	89	25
			10	1	25
			10	1	25	4
	(0, 255, 253) (255, 255, 205) (255, 0, 2) (2, 2, 2) 8
		floaterzb
			20	1	4
			10	1	4	129
	(0, 0, 255) (205, 205, 255) (255, 255, 0) (255, 255, 255) 8
		floaterzb
			10	1	129	18
			10	1	18
			10	1	18	4
	(253, 0, 255) (255, 255, 255) (2, 255, 0) (255, 255, 255) 8
		floaterzb
			20	1	4
			10	1	4	89
	(253, 0, 15) (255, 255, 255) (2, 255, 240) (2, 2, 112) 8
		floaterzb
			10	1	89	12
			10	1	12
			10	1	12	400
	(253, 250, 15) (255, 255, 255) (2, 5, 240) (200, 250, 112) 8
endSeq


#Sequence s2 (spec) emoji/ 0
#	(255, 255, 255) (255, 100, 0) (255, 255, 255) (0, 100, 0) (255, 0, 200) 8
#		melon
#			20	3	5
#			10	3	5	10
#			20	3	10
#			10	3	10	5
#	(255, 255, 255) (0, 255, 120) (255, 220, 50) (0, 0, 0) (100, 255, 0) 8
#endSeq
#	(255, 255, 255) (255, 100, 255) (255, 255, 255) (255, 255, 200) (100, 255, 255) (220, 255, 100) (255, 255, 255) 10
#	(255, 255, 255) (255, 255, 120) (255, 220, 50) (255, 255, 255) (255, 100, 255) (2200, 25, 200) (255, 255, 255) 10

makeAnim
s2
endAnim

