#Sequence s1 (mos) 0
#	arms emoji/
#		10	1	2
#		10	1	2	155
#		10	1	155	2
#		10	1	2
#		10	1	2	55
#		10	1	55	2
#		10	1	2
#		10	1	2	45
#		10	1	45	2
#		10	1	2
#		10	1	2	75
#		10	1	75	2
#		10	1	2
#		10	1	2	155
#		10	1	155	2
#		10	1	2
#		10	1	2	355
#		10	1	355	2
#		10	1	2
#		10	1	2	55
#		10	1	55	2
#		10	1	2
#		10	1	2	25
#		10	1	25	2
#		10	1	2
#		10	1	2	65
#		10	1	65	2
#		10	1	2
#		20	1	2	500
#endSeq

#Sequence s3 (mos) 0
#	bubbles emoji/
#		300	1	210
#endSeq

Sequence s4 (mos) 0
	sports sportsa/
		15	1	500	50
		15	1	50	3
		15	1	3
	sports emoji/
		35	1	3
		10	1	3	65
	sports sportsb/
		10	1	65	3
		5	1	3	40
		5	1	40	24
		15	1	24
	sports emoji/
		5	1	24	11
		30	1	11	19
		10	1	19	3		
	sports sportsc/
		15	1	3	20
		20	1	20
		10	1	20	5	
	sports emoji/
		15	1	5	23
		5	1	23
		30	1	23	19
		15	1	19	3
		15	1	3
endSeq

#Sequence s2 (spec) hearts/ 0
#	(255, 255, 255) (255, 150, 150) (255, 140, 200) (255, 230, 230) (255, 100, 250) 8
#		robncathy
#			15	1	210
#			10	1	210	40
#			10	1	40	3
#			15	1	3
#	(255, 255, 255) (255, 150, 150) (255, 140, 200) (255, 230, 230) (255, 100, 250) 8
#		robncathy
#			40	1	3
#			10	1	3	50
#	(255, 255, 255) (255, 255, 255) (255, 255, 255) (255, 255, 255) (255, 255, 255) 8
#endSeq
#
#Sequence s3 (spec) emoji/ 150
#	(255, 255, 255) (255, 255, 255) (255, 255, 255) (255, 255, 255) (255, 255, 255) 8
#		robncathy
#			20	1	50	6
#			20	1	6
#			10	1	6	5	
#	(0, 0, 255) (255, 255, 255) (0, 255, 255) (255, 255, 255) (255, 255, 255) 8
#		robncathy
#			40	1	5
#			10	1	5	9
#	(233, 0, 50) (255, 50, 200) (5, 255, 0) (50, 250, 255) (234, 255, 234) 8
#		robncathy
#			40	1	9	15	
#			10	1	15	5
#	(233, 220, 250) (255, 50, 0) (5, 255, 0) (50, 250, 255) (23, 55, 234) 8
#		robncathy
#			20	1	5
#			20	1	5
#			10	1	5	40		
#	(255, 255, 255) (255, 255, 255) (255, 255, 255) (255, 255, 255) (255, 255, 255) 8
#endSeq

#Sequence s5 (spec) emoji/ 0
#	(255, 255, 0) (255, 255, 255) (255, 0, 255) (255, 255, 255) (0, 255, 255) 8 
#		eyes
#			40	1	100
#			5	1	100	250
#			5	1	250	150
#			40	1	150
#			5	1	150	325
#			5	1	325	100
#			40	1	100
#			5	1	100	400
#			5	1	400	200
#			40	1	200
#			5	1	200	475
#			5	1	475	250
#			40	1	100
#			5	1	100	550
#			5	1	550	5
#			40	1	5
#			5	1	5	550
#			5	1	550	800	
#	(254, 254, 1) (254, 254, 254) (254, 1, 254) (254, 254, 254) (1, 254, 254) 8 
#endSeq

#Sequence s6 (spec) emoji/ 0
#	(255, 255, 255) (255, 0, 0) (255, 255, 255) (0, 255, 0) (255, 255, 255) (0, 0, 255) 10  
#		five
#			50	1	4
#	(0, 0, 0) (0, 255, 0) (0, 0, 0) (255, 0, 0) (0, 0, 0) (0, 0, 255) 10  
#		five
#			50	1	13	7
#	(255, 255, 255) (255, 0, 0) (255, 255, 255) (0, 255, 0) (255, 255, 255) (0, 0, 255) 10  
#		five
#			50	1	8
#			50	1	13	7
#	(255, 255, 255) (255, 0, 0) (255, 255, 255) (0, 255, 0) (255, 255, 255) (0, 0, 255) 10  
#		five
#			50	1	7
#	(0, 0, 0) (0, 255, 0) (0, 0, 0) (255, 0, 0) (0, 0, 0) (0, 0, 255) 10  
#		five
#			50	1	13	7
#	(255, 255, 255) (255, 0, 0) (255, 255, 255) (0, 255, 0) (255, 255, 255) (0, 0, 255) 10  
#endSeq

#Sequence s8 (spec) emoji/ 0
#	(255, 255, 255) (255, 100, 100) 16
#		eyes
#			50	2	22
#	(255, 255, 255) (255, 255, 100) 16
#		eyes
#			50	2	22
#	(255, 255, 255) (100, 255, 100) 16
#		eyes
#			50	2	22
#	(255, 255, 255) (100, 255, 255) 16
#		eyes
#			50	2	22
#	(255, 255, 255) (100, 100, 255) 16
#		eyes
#			50	2	22
#	(255, 255, 255) (255, 100, 255) 16
#		eyes
#			50	2	22
#	(255, 255, 255) (255, 100, 100) 16
#endSeq

makeAnim
s4
endAnim
