#Sequence s1 (spec) emoji/w 0
#	(255, 255, 255) (255, 100, 150) (255, 0, 255) 10
#		tit
#			100	4	1	100
#	(255, 255, 255) (255, 0, 250) (255, 220, 50) 10
#endSeq

#Sequence s1 (mos) 0
#	hot beach/
#		50	4	4
#		10	4	4	16
#		50	4	16
#		10	4	16	4
#		50	4	4
#		10	4	4	16
#		50	4	16
#		10	4	16	4
#		50	4	4
#		10	4	4	16
#		50	4	16
#		10	4	16	4
#		50	4	4
#		10	4	4	16
#		50	4	16
#		10	4	16	4
#		50	4	4
#		10	4	4	16
#		50	4	16
#		10	4	16	4
#endSeq

Sequence s2 (spec) emoji/ 0
	(255, 255, 255) (255, 255, 255) (255, 255, 255) (255, 255, 255) (255, 255, 255) (255, 255, 255) 8
		hot
			50	1	4
			10	1	4	16
	(0, 0, 255) (0, 0, 255) (0, 0, 255) (255, 255, 255) (100, 255, 100) (0, 0, 255) 8
		hot
			50	1	16
			10	1	16	4
	(0, 0, 255) (255, 255, 255) (0, 255, 0) (255, 255, 255) (255, 0, 0) (0, 0, 0) 8
		hot
			50	1	4
			10	1	4	16
	(233, 0, 0) (100, 255, 100) (0, 255, 50) (255, 255, 255) (255, 80, 80) (234, 134, 134) 8
		hot
			50	1	16
			10	1	16	4
	(255, 255, 255) (0, 0, 255) (0, 0, 255) (255, 255, 255) (100, 255, 100) (0, 0, 255) 8
		hot
			50	1	4
			10	1	4	16
	(0, 0, 0) (0, 54, 255) (100, 0, 255) (200, 255, 255) (190, 131, 255) (133, 133, 255) 8
		hot
			50	1	16
			10	1	16	4
	(255, 255, 255) (255, 255, 255) (255, 255, 255) (0, 0, 0) (255, 255, 255) (255, 255, 255) 8
		hot
			50	1	4
			10	1	4	16
	(160, 160, 160) (255, 255, 0) (255, 255, 255) (255, 0, 255) (255, 255, 255) (150, 150, 150) 8
		hot
			50	1	16
			10	1	16	4
	(255, 255, 255) (255, 150, 0) (255, 255, 255) (210, 0, 200) (0, 200, 255) (100, 100, 150) 8
		hot
			50	1	4
			10	1	4	16
	(255, 255, 255) (255, 255, 255) (210, 0, 200) (240, 230, 255) (0, 200, 255) (100, 100, 150) 8
		hot
			50	1	16
			10	1	16	4
	(255, 255, 255) (255, 255, 255) (255, 255, 255) (255, 255, 255) (255, 255, 255) (255, 255, 255) 8
endSeq

#Sequence s2 (spec) emoji/ 0
#	(255, 255, 255) (255, 100, 0) (255, 255, 255) (0, 100, 0) (255, 0, 200) 8
#		melon
#			50	3	5
#			10	3	5	10
#			50	3	10
#			10	3	10	5
#	(255, 255, 255) (0, 255, 150) (255, 220, 50) (0, 0, 0) (100, 255, 0) 8
#endSeq
#	(255, 255, 255) (255, 100, 255) (255, 255, 255) (255, 255, 200) (100, 255, 255) (220, 255, 100) (255, 255, 255) 10
#	(255, 255, 255) (255, 255, 150) (255, 220, 50) (255, 255, 255) (255, 100, 255) (2200, 25, 200) (255, 255, 255) 10

makeAnim
s2
endAnim

