#Sequence s1 (mos) 1
#	kaleidoslow emoji/
#		300	1	400	400
#endSeq

#Sequence s3 (mos) 1
#	kaleidoslow emoji/
#		50	1	15	
#		50	1	15	100
#		50	1	100	15
#		50	1	15
#		50	1	15	100
#		50	1	100	15
#endSeq

#Sequence s4 (mos) 1
#	two emoji/
#		30	2	4
#		10	2	4	20
#		10	2	20	4
#		30	2	4
#		10	2	4	20
#		10	2	20	4
#		30	2	4
#		10	2	4	20
#		10	2	20	4
#		30	2	4
#		10	2	4	20
#		10	2	20	4
#		30	2	4
#		10	2	4	20
#		10	2	20	4
#		30	2	4
#		10	2	4	20
#		10	2	20	4
#endSeq
#
##Sequence s1 (mos) 0
##	deep beach/
##		20	4	4
##		10	4	4	12
##		20	4	12
##		10	4	12	4
##		20	4	4
#		10	4	4	12
#		20	4	12
#		10	4	12	4
#		20	4	4
#		10	4	4	12
#		20	4	12
#		10	4	12	4
#		20	4	4
#		10	4	4	12
#		20	4	12
#		10	4	12	4
#		20	4	4
#		10	4	4	12
#		20	4	12
#		10	4	12	4
#endSeq

Sequence s2 (spec) emoji/ 0
	(255, 255, 255) (2, 255, 255) (255, 55, 255) (255, 255, 255) (255, 2, 25) (255, 255, 250) 8
		ssft2
			50	1	69      3	
			10	1	3
	(0, 255, 255) (255, 0, 255) (0, 0, 255) (250, 250, 0) (100, 255, 100) (0, 0, 255) 8
		ssft2
			40	1	3	8
			10	1	8	19
	(250, 250, 255) (25, 255, 255) (0, 255, 0) (255, 255, 255) (0, 0, 250) (255, 255, 255) 8
		ssft2
			20	1	19	1
			20	1	1
			10	1	1	9	
	(0, 0, 255) (255, 255, 255) (0, 255, 0) (255, 255, 255) (0, 110, 250) (255, 255, 255) 8
		ssft2
			40	1	9	15
			10	1	15	5
	(233, 0, 50) (255, 50, 200) (5, 255, 0) (50, 250, 255) (2, 0, 250) (234, 255, 234) 8
		ssft2
			40	1	5
			10	1	5	19
	(233, 220, 250) (255, 50, 0) (5, 255, 0) (50, 250, 255) (2, 90, 250) (23, 55, 234) 8
		ssft2
			20	1	19
			20	1	19	1
			10	1	1	9	
	(0, 240, 255) (55, 255, 255) (255, 255, 255) (255, 255, 255) (0, 0, 250) (255, 0, 255) 8
endSeq

#Sequence s5 (spec) emoji/ 0
#	(255, 255, 0) (255, 255, 255) (255, 0, 255) (255, 255, 255) (0, 255, 255) 8 
#		eyes
#			40	1	100
#			5	1	100	250
#			5	1	250	150
#			40	1	150
#			5	1	150	325
#			5	1	325	100
#			40	1	100
#			5	1	100	400
#			5	1	400	200
#			40	1	200
#			5	1	200	475
#			5	1	475	250
#			40	1	100
#			5	1	100	550
#			5	1	550	5
#			40	1	5
#			5	1	5	550
#			5	1	550	800	
#	(254, 254, 1) (254, 254, 254) (254, 1, 254) (254, 254, 254) (1, 254, 254) 8 
#endSeq

#Sequence s6 (spec) emoji/ 0
#	(255, 255, 255) (255, 0, 0) (255, 255, 255) (0, 255, 0) (255, 255, 255) (0, 0, 255) 10  
#		five
#			50	1	4
#	(0, 0, 0) (0, 255, 0) (0, 0, 0) (255, 0, 0) (0, 0, 0) (0, 0, 255) 10  
#		five
#			50	1	13	7
#	(255, 255, 255) (255, 0, 0) (255, 255, 255) (0, 255, 0) (255, 255, 255) (0, 0, 255) 10  
#		five
#			50	1	8
#			50	1	13	7
#	(255, 255, 255) (255, 0, 0) (255, 255, 255) (0, 255, 0) (255, 255, 255) (0, 0, 255) 10  
#		five
#			50	1	7
#	(0, 0, 0) (0, 255, 0) (0, 0, 0) (255, 0, 0) (0, 0, 0) (0, 0, 255) 10  
#		five
#			50	1	13	7
#	(255, 255, 255) (255, 0, 0) (255, 255, 255) (0, 255, 0) (255, 255, 255) (0, 0, 255) 10  
#endSeq

makeAnim
s2
endAnim

